33128
44998
41501
45166
42190
40795
40610
37014
41515
42830
45454
24874
37897
38173
38175
41556
45055
23604
41908
45282
38061
40925
37824
41851
42697
40007
41182
44452
42590
43048
42005
41602
24296
37124
41698
39992
42307
30039
45058
44416
37117
41102
45022
40118
40166
40428
42342
45425
41896
43469
45029
42109
45067
45259
44367
40131
41817
40403
42073
40112
43172
37351
40984
41570
40736
41585
45186
25357
40678
41727
41029
27584
41806
42164
45481
40108
41581
41530
42657
29420
37843
42886
45173
39052
45438
45407
45125
38285
41597
41620
23670
23695
38262
41554
40143
39221
44429
41652
41496
41159
39711
45475
41288
40191
42160
37851
45048
24152
40125
45341
45165
45100
31350
45199
45077
44017
42915
39997
42082
41722
45215
45129
45452
41700
40695
25395
40035
45209
40467
45551
41627
41783
40066
41679
40465
44350
44455
37346
45158
45153
42492
45099
40421
41691
45403
45415
45112
45289
41412
42698
45467
42229
45468
41841
39392
40386
40679
42884
70038
42215
42673
41870
42882
45466
32402
42065
32885
45529
45243
45463
42351
44347
39414
45577
45568
41666
42142
45461
42545
31334
37189
42106
41909
41571
45331
41863
41915
41632
39063
41723
42877
44462
25364
42894
45261
38591
45200
45105
45130
37661
45141
41636
40246
41662
33224
42456
42457
41891
42667
44461
42236
41768
41674
45127
32516
41612
45437
44382
43154
26763
45323
40032
40198
31053
40088
45602
42974
40395
42172
41638
38902
44463
29696
25435
42784
42591
32346
41579
70117
39984
42282
41687
42467
42694
27963
45139
26951
37750
42141
42222
40177
39031
45314
42722
42176
45315
42526
45450
42056
40158
42234
45087
41616
40303
27019
40978
40452
39039
41564
30125
41910
42208
45260
22862
42007
44408
45336
41855
45220
37370
45136
41020
45376
24235
40529
42095
41509
45126
44148
40669
41733
42194
40359
40563
42201
41968
45279
27522
39155
40393
40410
32512
43052
41085
41097
41384
45429
31355
41706
39182
45171
40262
43125
40614
41545
41747
45075
39831
44442
32557
32406
42708
42727
32459
41573
42211
45600
44096
41521
45311
45307
42702
42197
39903
40167
42965
40050
45255
42580
41960
38490
40486
41317
40047
36088
41861
41987
45329
41835
42016
33281
45601
37248
41957
41904
40671
45317
26476
39531
41105
27154
45506
37747
40548
25635
41952
45076
37715
40417
42281
41705
41006
41505
41701
42696
41342
40824
41789
45501
42937
42192
32314
42970
39166
41829
45106
42848
45381
41594
42455
41524
45402
41083
41534
40613
45179
45085
39608
28638
40510
40471
41541
40033
37632
38147
45159
31292
44402
40602
39415
42217
44444
45290
42724
40458
42840
42052
41362
42981
41517
42905
44431
44369
41339
44428
42427
45140
40617
42226
44365
44459
33247
42264
44481
41792
41569
40176
44399
44391
45408
37509
40777
41925
40144
45170
41653
45054
45148
45298
45383
45378
44445
41992
42459
32615
24625
41774
40781
41383
45571
42371
11905
40073
42907
41724
41828
37157
45420
42089
41743
45523
22291
39240
37567
45345
42841
45098
31352
40055
32408
27916
41818
41826
45137
32897
40675
41673
37426
31662
45439
24048
41859
40451
41897
42969
45149
38052
42012
45288
45039
40225
25047
44480
42006
41511
45240
40240
40812
45182
37444
41709
45059
40340
41408
45131
39123
42062
45221
45033
45194
39542
45120
41718
40154
41565
40635
41708
45275
41062
41850
40285
40416
37213
42912
42918
45143
45611
40584
40605
39375
45202
37335
39173
38829
32683
31592
37498
41713
41695
24075
40454
42560
40082
42129
38133
42389
22999
41876
42136
44476
41926
39262
40026
41068
39644
44423
45417
42976
44355
41648
38929
45458
45397
38599
45485
23440
45192
42306
47895
23796
45590
41580
41902
37261
38083
41864
45103
41750
70125
44510
32444
40252
40217
41609
45017
38398
70051
41185
44394
41234
41651
44357
42973
39167
41920
41991
40518
39141
45208
40662
33166
42753
41574
45013
42432
42230
44440
31825
40398
42084
40717
42444
42404
31492
37133
38132
45411
70128
38833
39399
45047
42184
37524
45157
45281
45596
29155
44389
42858
41603
42956
45189
45121
45210
32449
40385
45393
41785
44351
45372
45573
45570
40288
41893
22205
42242
42365
45183
41568
42963
45424
42712
41519
44370
40051
40898
45296
41845
42271
41641
42003
45151
40124
41495
39369
41965
45441
42709
42664
42425
45608
41090
49491
45332
41365
45443
42426
22372
42879
42695
41680
41739
41751
45026
42031
45593
40028
38481
45310
45232
42311
42459
42171
31656
42498
42658
41315
41930
43747
42327
38980
45350
38372
41592
45257
44354
42202
45318
42162
45582
42352
42251
42301
45176
45042
44449
45064
41938
45161
38961
41605
40441
45484
45388
45227
41854
42168
40419
42692
39065
42671
45264
42842
45198
45584
42959
39889
45051
44406
42415
45226
40037
40181
40334
41816
42316
44410
41822
40027
41923
45304
41531
45144
39179
42115
44438
42013
42689
42957
26134
45155
40572
39047
40668
45073
45050
45465
42718
41645
42581
42843
44352
41878
41663
43060
42405
42122
41944
42034
42939
41830
41628
41887
45095
32527
25073
42953
32467
40220
41839
45428
41615
42742
44453
37250
40052
29114
42158
45272
39254
38908
45495
45414
45302
32554
45293
45497
45401
37749
40329
37228
40153
41586
40244
45234
45469
40412
40259
41694
42933
41492
45339
41294
42072
37492
41759
42436
41528
45370
38152
40512
42200
45615
40184
42278
45249
45225
41905
32052
45592
39320
41959
39298
45266
45413
45299
45464
44554
41784
42372
45492
41360
44417
41328
45404
45614
40888
40650
41761
38159
42345
43063
44395
37709
45545
45027
37304
41932
45324
42042
29751
45473
41551
45041
45114
41731
42019
32609
43102
31345
41643
41209
40010
40579
39462
42545
45391
45229
45629
45156
42517
45538
39265
45204
42274
37677
45431
41856
42711
45196
40598
40863
44413
45040
43174
41726
37496
33185
41180
42700
39990
37467
41555
43066
39048
41539
38410
45253
39627
45365
40163
41073
41948
45247
45532
42430
45089
40233
40478
41599
42916
45015
41734
42920
38992
41591
40976
39190
45274
41681
45337
40232
41527
44388
40075
44439
45020
45387
42723
44358
40487
25545
45606
45362
40928
40068
40501
40492
45223
42527
42090
41647
41838
42410
44362
40884
41535
37740
40649
45471
31668
19841
41523
39942
41522
42063
45070
41103
39358
39601
45250
45252
45068
32920
42292
45035
45031
39259
28013
45277
42672
39464
23452
45348
39569
40155
37928
37366
37367
41665
41310
45083
37830
41963
45432
45309
43145
24889
45321
42009
45180
45536
41714
40053
30972
45392
37179
45217
45416
41333
42107
40747
40513
41773
38225
41540
45286
41504
41711
41214
45182
45490
45019
39185
44400
45228
42036
43068
39014
01972
32980
45046
44405
45326
45361
37949
25457
44409
42051
45482
41812
42103
45069
24651
41836
45430
45445
45295
41775
40178
45242
41226
39247
42897
45080
41810
45291
40765
44436
39253
42468
45395
39077
45444
45327
39099
45386
33016
42666
38246
43069
41589
41873
40845
44454
37327
40745
37298
37837
42312
37883
41537
42721
45185
44443
40122
45201
44464
41301
38003
41788
41983
42429
45090
40964
45065
40140
45292
41595
40129
42097
37723
41076
45344
43070
41710
42202
28090
41386
42285
45109
41978
31353
42399
41933
41672
45184
39989
45219
45443
45003
41337
41903
45038
45187
70126
45398
37507
40811
42845
42895
45244
41194
42827
45447
37302
44387
43071
41884
29670
41745
44373
32929
41559
41630
41914
26897
45351
45258
45486
42857
45374
44386
32456
32490
37885
40094
45145
45184
42562
41546
42567
45579
45267
42154
42214
42403
45056
44376
31298
40983
42220
39386
33259
45564
37491
45111
44353
44316
45406
45011
70050
41513
45150
38027
44398
41601
39045
41596
45340
45239
42262
45205
39337
04540
41697
25200
43075
42173
38671
45453
45024
44430
42889
42460
42021
42497
45367
45181
41737
40044
41137
40278
45110
45305
45036
41656
38668
42357
45605
31396
32411
42242
44349
45448
45353
41623
44377
38586
70127
41753
38997
45276
43140
42851
45167
41757
44415
45028
45007
41967
42023
40173
39129
38005
41654
44378
41657
44356
45172
40468
45328
45597
45478
39204
39738
40351
45224
32424
23175
41787
37332
37331
38011
44374
45513
44366
39879
42733
37875
42028
41763
45212
43112
43107
41780
41646
40809
41777
42966
40390
45270
45251
42447
42417
45101
45207
44447
41598
37361
31300
40960
42207
45563
41328
41525
41771
40201
41614
21185
42925
41526
45380
45412
41508
40100
23684
42152
39900
41665
42127
42321
45263
42958
45366
45262
44421
41617
45211
37523
41558
45021
40265
42030
39565
42246
43470
37853
40199
38797
42849
41600
40803
38577
40800
40123
42001
40203
38257
45233
40120
38240
42069
40453
45502
44419
39987
41177
42685
40849
32398
42053
38925
45301
40207
41637
32468
30952
45426
32470
40014
41604
45390
37006
42395
40840
44441
45014
45470
40394
44381
41779
41610
41989
40575
41607
44422
45285
45188
43105
40227
42705
45241
45133
44411
23437
44412
41720
45018
42967
42750
41741
39097
39257
41999
40713
41729
41686
40297
42355
40926
40517
40042
45338
26169
40470
37554
45375
42710
41880
36069
38121
39360
41802
39646
41800
42225
42968
40852
45518
42655
40249
42245
41849
40482
45169
41095
45442
41848
38080
40072
41823
41625
42362
40058
24256
45423
45427
42554
45104
41629
41576
41069
45487
41688
45283
44397
29642
41966
41587
40595
40596
41961
23612
25467
45400
41755
40260
41998
39609
45531
42104
45585
45213
38747
45222
45154
42330
40185
41561
37804
39046
41453
42495
45066
38744
41924
39457
37201
43153
45349
40367
45352
41323
41717
45330
40135
45062
40775
41575
45613
42670
32518
17954
41879
45248
40187
40768
40157
40083
45521
40793
42913
41624
40967
45044
38955
40322
42048
42334
40326
28542
41669
40330
44403
43122
42919
40147
31900
41979
45320
42186
45294
41997
42911
41667
42917
43113
45037
40516
33105
39539
40286
45049
41956
41742
31974
42247
40657
41865
43151
41639
41704
42289
42060
40676
45544
42165
44346
38487
40779
40062
42267
42510
45528
41772
30381
45193
41588
42982
41676
45052
40307
41684
41934
41668
40539
22868
42204
39072
42662
41642
42859
40002
44437
43124
42732
45519
42688
45308
41767
42328
41635
41707
38344
45369
32318
41593
45405
40264
41306
37417
47160
70084
42854
39946
30935
42873
44487
45335
45273
45190
40092
44371
32441
33001
42465
41135
39134
45394
41943
41685
42874
41951
42199
42675
40593
42719
24969
42108
42448
42348
42703
42550
45325
40300
45342
45146
38305
45254
41811
45043
42839
41692
45333
39101
43173
45491
40764
40924
44456
42414
45108
45097
42716
38066
45409
45377
41409
43088
42035
41086
40570
41008
45132
45133
42333
41799
42855
41781
45164
41590
41703
41547
37866
25060
41690
40242
45474
41843
32472
41728
42428
37379
37490
37105
32476
45284
41572
45061
41844
45384
42583
37668
41712
41552
39269
38841
40554
42707
42828
37829
38814
45421
44039
45493
45023
45191
41343
39509
37656
38292
42412
42413
37462
37697
41748
41749
41503
45060
40493
30949
42856
42050
40957
40253
31346
43901
40860
45231
42493
30730
41837
40873
42893
42039
37251
45203
45246
45256
41758
41583
40327
41842
44432
40204
41832
32656
38991
42139
42258
42885
40788
45163
37809
45575
45057
41677
45313
40569
45546
39888
44434
31343
45071
45604
45385
40107
25454
45303
40018
24149
37193
40152
45297
41862
42734
39152
70036
41898
41507
45168
44372
45460
42349
37353
45074
40024
42256
37576
42891
41618
41995
39019
41221
45147
40243
39177
40369
41881
40577
45462
45278
39846
45382
41858
44448
41678
45034
45092
41982
42150
45300
45174
45422
40692
45319
44425
45119
45063
41659
45084
26868
45396
39038
41640
45268
45639
42875
42864
40179
45218
41119
44482
45178
41699
30981
38916
44479
45583
44364
45373
37184
26755
39500
42714
40615
41805
41725
40601
40531
38118
40337
38759
41542
45514
45379
40611
37912
26918
45122
41882
45230
42121
45124
40750
41916
41867
41693
41626
42471
42032
44393
45354
42435
45265
45236
37504
41388
45312
32509
41853
39355
23626
42566
42029
44384
41550
44483
40724
43093
39907
45346
43094
44404
37810
18959
45334
40063
45177
41918
45472
45287
39983
41913
22953
37183
42010
38527
41578
45306
45410
45116
45419
42067
40230
40104
41807
40346
41524
44052
41756
39083
42832
32397
38346
45515
40445
42433
42224
40576
41538
40159
41791
38091
41549
45368
44348
45045
42193
40216
45053
45032
45364
31995
31476
44401
31354
39246
40522
30911
40706
43137
42424
45152
40525
44458
37494
37493
45599
41606
45216
42940
42361
24304
45102
45476
40943
45160
45081
41650
42690
42943
39327
42846
42506
41121
42531
45363
42941
42011
42310
41808
41184
45088
42944
45086
37520
45280
45214
42232
41608
29660
44477
45195
41633
45322
45093
42983
45107
32861
41782
40987
42950
40608
39998
41976
41972
44451
41928
45389
41852
45496
41346
42018
38575
38208
42078
45480
41950
42026
30510
41795
43097
41622
45316
42659
45587
45591
39856
45576
41857
41634
41621
40932
41560
41562
33180
41875
40003
38986
44361
42922
39211
40031
37116
45586
42908
24039
45206
45082
45091
42294
39396
41831
42942
41912
44390
41619
46385
39053
42075
42951
38525
38686
41649
41533
41740
41336
41721
39081
41840
45117
42088
45138
45507
42572
41661
41566
38532
45237
42743
41825
40776
40676
44084
44021
45030
44509
42206
45399
41906
41796
40105
42038
42443
42015
43147
38029
45175
41582
41544
44380
41719
40609
42396
42890
45371
42148
42900
42906